aorta_demo_node:
  ros__parameters:
    use_sim_time: false
    trajectory:
      vehicle_00: [-145.00003051757812, -91.4008941650, -140.00003051757812, -88.40089416503906]                                                                             
      vehicle_01: [-151.99981689453125, -91.3997726440, -146.99981689453125, -88.39977264404297]                                                                             
      vehicle_02: [-159.00003051757812, -91.4008941650, -154.00003051757812, -88.40089416503906]                                                                             
      vehicle_03: [-145.00006103515625, -94.8995971679, -140.00006103515625, -97.89959716796875]
      vehicle_04: [-152.00003051757812, -94.8999023437, -148.00003051757812,    -97.89990234375]
      vehicle_05: [-158.99981689453125, -94.8987808227, -153.99981689453125,  -97.8987808227539]                                 
      vehicle_06: [-127.49959564208984, -72.9999847412, -124.23885345458984, -76.06527709960938] 
      vehicle_07: [-127.49989318847656, -66.0000076293, -124.61363220214844, -68.29269409179688]                                                                             
      vehicle_08: [-127.498779296875,   -59.0001754760, -124.23243713378906, -61.44083023071289]                                                                               
      vehicle_09: [-131.24960327148438, -72.9999847412, -136.0028839111328,   -76.2917709350586]                                                                                 
      vehicle_10: [-131.24989318847656, -66.0000076293, -136.24989318847656,  -71.44364166259766]                                                                               
      vehicle_11: [-131.24960327148438, -58.9999847412, -136.140380859375,   -64.74053955078125]                                                                                 
      vehicle_12: [-134.5, -50.0, -134.5,   -126.03]
      vehicle_13: [-160.0, -93.75, -133.5, -93.75, -134.5,   -126.03]
    speed:
      vehicle_00: 5.0 
      vehicle_01: 5.0
      vehicle_02: 5.0
      vehicle_03: 5.0
      vehicle_04: 5.0
      vehicle_05: 5.0
      vehicle_06: 0.0
      vehicle_07: 0.0
      vehicle_08: 0.0
      vehicle_09: 0.0
      vehicle_10: 0.0
      vehicle_11: 0.0
      vehicle_12: 10.0
      vehicle_13: 10.0
